TIMESERIES SS_SAMS_05_CNA_Q, 635 samples, 500 sps, 2008-01-15T00:00:00.025000, SLIST, FLOAT, g
       185.7         181.7         185.7         189.7         194.7         205.7  
       209.7         214.7         222.7         225.7         226.7         219.7  
       216.7         219.7         210.7         208.7         213.7         207.7  
       207.7         211.7         214.7         214.7         213.7         218.7  
       220.7         219.7         219.7         222.7         223.7         220.7  
       228.7         238.7         241.7         243.7         245.7         248.7  
       252.7         258.7         257.7         255.7         265.7         273.7  
       272.7         275.7         290.7         306.7         314.7         318.7  
       324.7         339.7         349.7         356.7         366.7         374.7  
       380.7         388.7         400.7         409.7         410.7         410.7  
       418.7         421.7         418.7         429.7         449.7         459.7  
       462.7         471.7         484.7         492.7         496.7         502.7  
       503.7         510.7         513.7         506.7         512.7         523.7  
       531.7         537.7         545.7         552.7         561.7         575.7  
       584.7         600.7         614.7         619.7         631.7         637.7  
       637.7         644.7         649.7         650.7         652.7         654.7  
       660.7         672.7         675.7         672.7         676.7         689.7  
       700.7         701.7         702.7         703.7         706.7         710.7  
       702.7         698.7         702.7         699.7         703.7         711.7  
       716.7         726.7         733.7         741.7         750.7         755.7  
       763.7         769.7         776.7         780.7         775.7         776.7  
       785.7         789.7         783.7         782.7         782.7         774.7  
       763.7         763.7         766.7         760.7         756.7         757.7  
       753.7         750.7         754.7         753.7         749.7         747.7  
       743.7         747.7         752.7         744.7         743.7         751.7  
       750.7         746.7         741.7         739.7         738.7         737.7  
       734.7         733.7         732.7         729.7         725.7         724.7  
       724.7         716.7         706.7         693.7         677.7         672.7  
       665.7         655.7         650.7         646.7         645.7         649.7  
       647.7         639.7         629.7         619.7         613.7         607.7  
       596.7         584.7         578.7         573.7         566.7         553.7  
       542.7         544.7         543.7         536.7         532.7         532.7  
       530.7         520.7         510.7         507.7         504.7         494.7  
       486.7         476.7         468.7         464.7         457.7         450.7  
       439.7         428.7         423.7         417.7         412.7         402.7  
       389.7         385.7         376.7         361.7         355.7         348.7  
       342.7         337.7         329.7         324.7         324.7         319.7  
       314.7         308.7         303.7         301.7         301.7         303.7  
       301.7         303.7         308.7         300.7         291.7         293.7  
       289.7         279.7         272.7         261.7         258.7         261.7  
       256.7         254.7         254.7         250.7         250.7         248.7  
       246.7         249.7         246.7         248.7         253.7         245.7  
       242.7         249.7         252.7         252.7         251.7         259.7  
       271.7         269.7         270.7         280.7         287.7         290.7  
       293.7         297.7         303.7         310.7         311.7         315.7  
       326.7         335.7         339.7         345.7         357.7         359.7  
       363.7         371.7         371.7         373.7         376.7         378.7  
       392.7         402.7         403.7         414.7         427.7         434.7  
       441.7         447.7         457.7         466.7         462.7         463.7  
       467.7         471.7         478.7         478.7         486.7         502.7  
       504.7         501.7         501.7         506.7         515.7         518.7  
       518.7         529.7         537.7         539.7         546.7         553.7  
       561.7         568.7         574.7         577.7         582.7         590.7  
       595.7         602.7         608.7         613.7         617.7         622.7  
       625.7         624.7         636.7         651.7         659.7         662.7  
       663.7         672.7         685.7         685.7         679.7         681.7  
       684.7         679.7         682.7         690.7         687.7         684.7  
       691.7         691.7         689.7         696.7         704.7         707.7  
       706.7         711.7         713.7         707.7         706.7         704.7  
       697.7         690.7         683.7         677.7         678.7         679.7  
       670.7         664.7         663.7         654.7         650.7         649.7  
       646.7         636.7         625.7         625.7         624.7         615.7  
       608.7         605.7         600.7         594.7         589.7         585.7  
       582.7         574.7         572.7         566.7         550.7         550.7  
       550.7         539.7         527.7         520.7         518.7         513.7  
       507.7         500.7         498.7         501.7         495.7         493.7  
       498.7         499.7         497.7         498.7         501.7         498.7  
       498.7         499.7         495.7         497.7         502.7         507.7  
       504.7         500.7         502.7         498.7         494.7         499.7  
       502.7         501.7         499.7         496.7         496.7         492.7  
       493.7         499.7         495.7         492.7         500.7         504.7  
       502.7         505.7         506.7         508.7         510.7         510.7  
       511.7         515.7         526.7         532.7         532.7         532.7  
       532.7         542.7         548.7         542.7         546.7         550.7  
       548.7         549.7         553.7         556.7         548.7         539.7  
       540.7         549.7         553.7         549.7         547.7         548.7  
       554.7         555.7         550.7         549.7         550.7         550.7  
       553.7         554.7         556.7         556.7         547.7         541.7  
       543.7         538.7         527.7         522.7         522.7         524.7  
       521.7         518.7         521.7         520.7         523.7         523.7  
       518.7         518.7         518.7         517.7         521.7         521.7  
       514.7         506.7         497.7         492.7         491.7         483.7  
       475.7         469.7         464.7         459.7         453.7         452.7  
       449.7         446.7         440.7         430.7         423.7         415.7  
       408.7         408.7         404.7         388.7         379.7         378.7  
       374.7         371.7         369.7         363.7         357.7         355.7  
       349.7         341.7         338.7         333.7         330.7         327.7  
       318.7         314.7         314.7         309.7         306.7         305.7  
       301.7         300.7         297.7         296.7         294.7         285.7  
       277.7         277.7         277.7         271.7         277.7         286.7  
       283.7         285.7         292.7         292.7         286.7         280.7  
       280.7         288.7         292.7         290.7         294.7         302.7  
       309.7         317.7         323.7         328.7         337.7         341.7  
       349.7         358.7         367.7         380.7         383.7         390.7  
       396.7         401.7         415.7         424.7         430.7         446.7  
       463.7         468.7         471.7         482.7         490.7         497.7  
       512.7         524.7         533.7         542.7         554.7         567.7  
       576.7         586.7         599.7         612.7         618.7         622.7  
       630.7         642.7         655.7         664.7         675.7         684.7  
       691.7         704.7         713.7         716.7         724.7         732.7  
       739.7         745.7         751.7         756.7         761.7         767.7  
       773.7         781.7         789.7         788.7         791.7         805.7  
       812.7         813.7         812.7         813.7         821.7         822.7  
       816.7         811.7         808.7         805.7         796.7         792.7  
       790.7         781.7         781.7         785.7         778.7         772.7  
       767.7         761.7         755.7         748.7         746.7  

TIMESERIES SS_SAME_03_CNB_R, 635 samples, 500 sps, 2008-01-15T00:00:00.025000, SLIST, FLOAT, g
       185.7         181.7         185.7         189.7         194.7         205.7  
       209.7         214.7         222.7         225.7         226.7         219.7  
       216.7         219.7         210.7         208.7         213.7         207.7  
       207.7         211.7         214.7         214.7         213.7         218.7  
       220.7         219.7         219.7         222.7         223.7         220.7  
       228.7         238.7         241.7         243.7         245.7         248.7  
       252.7         258.7         257.7         255.7         265.7         273.7  
       272.7         275.7         290.7         306.7         314.7         318.7  
       324.7         339.7         349.7         356.7         366.7         374.7  
       380.7         388.7         400.7         409.7         410.7         410.7  
       418.7         421.7         418.7         429.7         449.7         459.7  
       462.7         471.7         484.7         492.7         496.7         502.7  
       503.7         510.7         513.7         506.7         512.7         523.7  
       531.7         537.7         545.7         552.7         561.7         575.7  
       584.7         600.7         614.7         619.7         631.7         637.7  
       637.7         644.7         649.7         650.7         652.7         654.7  
       660.7         672.7         675.7         672.7         676.7         689.7  
       700.7         701.7         702.7         703.7         706.7         710.7  
       702.7         698.7         702.7         699.7         703.7         711.7  
       716.7         726.7         733.7         741.7         750.7         755.7  
       763.7         769.7         776.7         780.7         775.7         776.7  
       785.7         789.7         783.7         782.7         782.7         774.7  
       763.7         763.7         766.7         760.7         756.7         757.7  
       753.7         750.7         754.7         753.7         749.7         747.7  
       743.7         747.7         752.7         744.7         743.7         751.7  
       750.7         746.7         741.7         739.7         738.7         737.7  
       734.7         733.7         732.7         729.7         725.7         724.7  
       724.7         716.7         706.7         693.7         677.7         672.7  
       665.7         655.7         650.7         646.7         645.7         649.7  
       647.7         639.7         629.7         619.7         613.7         607.7  
       596.7         584.7         578.7         573.7         566.7         553.7  
       542.7         544.7         543.7         536.7         532.7         532.7  
       530.7         520.7         510.7         507.7         504.7         494.7  
       486.7         476.7         468.7         464.7         457.7         450.7  
       439.7         428.7         423.7         417.7         412.7         402.7  
       389.7         385.7         376.7         361.7         355.7         348.7  
       342.7         337.7         329.7         324.7         324.7         319.7  
       314.7         308.7         303.7         301.7         301.7         303.7  
       301.7         303.7         308.7         300.7         291.7         293.7  
       289.7         279.7         272.7         261.7         258.7         261.7  
       256.7         254.7         254.7         250.7         250.7         248.7  
       246.7         249.7         246.7         248.7         253.7         245.7  
       242.7         249.7         252.7         252.7         251.7         259.7  
       271.7         269.7         270.7         280.7         287.7         290.7  
       293.7         297.7         303.7         310.7         311.7         315.7  
       326.7         335.7         339.7         345.7         357.7         359.7  
       363.7         371.7         371.7         373.7         376.7         378.7  
       392.7         402.7         403.7         414.7         427.7         434.7  
       441.7         447.7         457.7         466.7         462.7         463.7  
       467.7         471.7         478.7         478.7         486.7         502.7  
       504.7         501.7         501.7         506.7         515.7         518.7  
       518.7         529.7         537.7         539.7         546.7         553.7  
       561.7         568.7         574.7         577.7         582.7         590.7  
       595.7         602.7         608.7         613.7         617.7         622.7  
       625.7         624.7         636.7         651.7         659.7         662.7  
       663.7         672.7         685.7         685.7         679.7         681.7  
       684.7         679.7         682.7         690.7         687.7         684.7  
       691.7         691.7         689.7         696.7         704.7         707.7  
       706.7         711.7         713.7         707.7         706.7         704.7  
       697.7         690.7         683.7         677.7         678.7         679.7  
       670.7         664.7         663.7         654.7         650.7         649.7  
       646.7         636.7         625.7         625.7         624.7         615.7  
       608.7         605.7         600.7         594.7         589.7         585.7  
       582.7         574.7         572.7         566.7         550.7         550.7  
       550.7         539.7         527.7         520.7         518.7         513.7  
       507.7         500.7         498.7         501.7         495.7         493.7  
       498.7         499.7         497.7         498.7         501.7         498.7  
       498.7         499.7         495.7         497.7         502.7         507.7  
       504.7         500.7         502.7         498.7         494.7         499.7  
       502.7         501.7         499.7         496.7         496.7         492.7  
       493.7         499.7         495.7         492.7         500.7         504.7  
       502.7         505.7         506.7         508.7         510.7         510.7  
       511.7         515.7         526.7         532.7         532.7         532.7  
       532.7         542.7         548.7         542.7         546.7         550.7  
       548.7         549.7         553.7         556.7         548.7         539.7  
       540.7         549.7         553.7         549.7         547.7         548.7  
       554.7         555.7         550.7         549.7         550.7         550.7  
       553.7         554.7         556.7         556.7         547.7         541.7  
       543.7         538.7         527.7         522.7         522.7         524.7  
       521.7         518.7         521.7         520.7         523.7         523.7  
       518.7         518.7         518.7         517.7         521.7         521.7  
       514.7         506.7         497.7         492.7         491.7         483.7  
       475.7         469.7         464.7         459.7         453.7         452.7  
       449.7         446.7         440.7         430.7         423.7         415.7  
       408.7         408.7         404.7         388.7         379.7         378.7  
       374.7         371.7         369.7         363.7         357.7         355.7  
       349.7         341.7         338.7         333.7         330.7         327.7  
       318.7         314.7         314.7         309.7         306.7         305.7  
       301.7         300.7         297.7         296.7         294.7         285.7  
       277.7         277.7         277.7         271.7         277.7         286.7  
       283.7         285.7         292.7         292.7         286.7         280.7  
       280.7         288.7         292.7         290.7         294.7         302.7  
       309.7         317.7         323.7         328.7         337.7         341.7  
       349.7         358.7         367.7         380.7         383.7         390.7  
       396.7         401.7         415.7         424.7         430.7         446.7  
       463.7         468.7         471.7         482.7         490.7         497.7  
       512.7         524.7         533.7         542.7         554.7         567.7  
       576.7         586.7         599.7         612.7         618.7         622.7  
       630.7         642.7         655.7         664.7         675.7         684.7  
       691.7         704.7         713.7         716.7         724.7         732.7  
       739.7         745.7         751.7         756.7         761.7         767.7  
       773.7         781.7         789.7         788.7         791.7         805.7  
       812.7         813.7         812.7         813.7         821.7         822.7  
       816.7         811.7         808.7         805.7         796.7         792.7  
       790.7         781.7         781.7         785.7         778.7         772.7  

TIMESERIES SS_MAMS_HI_FNC_Q, 12 samples, 1000 sps, 2008-01-15T00:00:00.025000, SLIST, FLOAT, g
       185.7         181.7         185.7         189.7         194.7         205.7  
       209.7         214.7         222.7         225.7         226.7         219.7
